(Wuhan/IVDC-HB-05/2019:1.9845292916021353, 
	Wuhan/WH01/2019:1.9846686233681985,
		Hangzhou/ZJU-07/2020:4.962086757956942,
			Wuhan/WIV07/2019:1.9845103595020694,G
				uangdong/20SF179/2020:3.0155232190613614,
					USA/CA-SCCPHD-UC159/2020:13.942059939074376,
                                              Guangzhou/GZMU0060/2020:4.962656753400666,
							env/Wuhan/IVDC-HBF13/2020:2.0015897053685814,
								Belgium/BJ-0324192/2020:8.933678524558013,
									Shanghai/SH0036/2020:5.967932489418764,
									Guangdong/2020XN4448-P0002/2020:4.961607563487536,
								
									(Wuhan/IVDC-HB-04/2020:0.9922535424770889,
									(USA/CA-SCCPHD-UC117/2020:5.262457136723242e-13,
										USA/CA-SCCPHD-UC35/2020:5.271338920920243e-13),NODE_0003320:1.9636519106427208),NODE_0003319:0.981783318839716);